class,id,name,presync,sync,postsync,init,heartbeat,precommit,commit,finalize
auction,0,Market_1,25000,0,18000,0,0,0,0,0
player,1,,21000,0,0,0,0,0,0,0
climate,2,weather,27000,0,0,72000,0,0,0,0
overhead_line_conductor,3,overhead_line_conductor_6010,0,0,0,0,0,0,0,0
overhead_line_conductor,4,overhead_line_conductor_6020,0,0,0,0,0,0,0,0
overhead_line_conductor,5,overhead_line_conductor_6030,0,0,0,0,0,0,0,0
underground_line_conductor,6,underground_line_conductor_6060,0,0,0,0,0,0,0,0
underground_line_conductor,7,underground_line_conductor_6070,0,0,0,0,0,0,0,0
line_spacing,8,line_spacing_500601,0,0,0,0,0,0,0,0
line_spacing,9,line_spacing_500602,0,0,0,0,0,0,0,0
line_spacing,10,line_spacing_505603,0,0,0,0,0,0,0,0
line_spacing,11,line_spacing_505604,0,0,0,0,0,0,0,0
line_spacing,12,line_spacing_510,0,0,0,0,0,0,0,0
line_configuration,13,line_configuration_601,0,0,0,0,0,0,0,0
line_configuration,14,line_configuration_602,0,0,0,0,0,0,0,0
line_configuration,15,line_configuration_603,0,0,0,0,0,0,0,0
line_configuration,16,line_configuration_604,0,0,0,0,0,0,0,0
line_configuration,17,line_configuration_605,0,0,0,0,0,0,0,0
line_spacing,18,line_spacing_515,0,0,0,0,0,0,0,0
line_spacing,19,line_spacing_520,0,0,0,0,0,0,0,0
line_configuration,20,line_configuration_606,0,0,0,0,0,0,0,0
line_configuration,21,line_configuration_607,0,0,0,0,0,0,0,0
transformer_configuration,22,transformer_configuration_400,0,0,0,0,0,0,0,0
regulator_configuration,23,regulator_configuration_6506321,0,0,0,0,0,0,0,0
transformer_configuration,24,trans_config_to_feeder,0,0,0,0,0,0,0,0
node,25,network_node,58000,15000,22000,0,0,0,1000,0
transformer,26,substation_transformer,21000,22000,17000,1000,0,0,0,0
recorder,27,,0,0,42000,0,0,0,0,0
overhead_line,28,632-645,15000,16000,24000,6000,0,0,0,0
overhead_line,29,645-646,20000,11000,17000,0,0,0,0,0
overhead_line,30,630-632,11000,18000,24000,0,0,0,0,0
overhead_line,31,632-6321,22000,8000,17000,0,0,0,0,0
overhead_line,32,6321-671,12000,15000,12000,0,0,0,0,0
overhead_line,33,671-680,7000,13000,30000,0,0,0,0,0
overhead_line,34,671-684,18000,15000,19000,0,0,0,0,0
overhead_line,35,684-611,18000,13000,16000,0,0,0,0,0
underground_line,36,684-652,16000,14000,17000,0,0,0,0,0
underground_line,37,692-675,19000,18000,19000,0,0,0,0,0
overhead_line,38,632-633,14000,27000,19000,0,0,0,0,0
node,39,633,18000,21000,34000,0,0,0,0,0
node,40,630,23000,17000,14000,0,0,0,0,0
node,41,632,22000,22000,18000,0,0,0,0,0
node,42,650,24000,15000,12000,0,0,0,1000,0
node,43,680,11000,37000,35000,0,0,0,0,0
node,44,684,18000,13000,19000,0,0,0,0,0
node,45,634,12000,37000,23000,0,0,0,0,0
node,46,645,19000,15000,14000,0,0,0,0,0
node,47,646,21000,25000,23000,0,0,0,0,0
node,48,652,21000,16000,21000,0,0,0,0,0
node,49,671,28000,16000,22000,0,0,0,0,0
node,50,675,19000,19000,19000,0,0,0,0,0
node,51,692,22000,22000,15000,0,0,0,0,0
node,52,611,14000,20000,23000,0,0,0,0,0
node,53,6711,22000,17000,14000,0,0,0,0,0
node,54,6321,18000,15000,22000,0,0,0,1000,0
switch,55,671-692,21000,24000,18000,0,0,0,0,0
transformer,56,633-634,22000,28000,30000,0,0,0,0,0
regulator,57,Reg1,31000,21000,17000,0,0,0,0,0
capacitor,58,CAP1,12000,39000,30000,0,0,0,0,0
capacitor,59,CAP2,23000,19000,24000,0,0,0,0,0
triplex_line_configuration,60,trip_line_config,0,0,0,0,0,0,0,0
triplex_line_conductor,61,,0,0,0,0,0,0,0,0
triplex_line_conductor,62,,0,0,0,0,0,0,0,0
triplex_line_conductor,63,,0,0,0,0,0,0,0,0
transformer,64,CTTF_B_645,18000,16000,16000,0,0,0,0,0
transformer_configuration,65,,0,0,0,0,0,0,0,0
triplex_meter,66,tn_B_645,14000,17000,13000,0,0,0,0,0
triplex_line,67,tl_B_1_645,19000,14000,24000,0,0,0,0,0
triplex_meter,68,tm_B_1_645,15000,21000,27000,0,0,0,0,0
house,69,house1B_tm_B_1_645,16000,32000,44000,0,0,0,0,0
controller,70,,19000,32000,15000,0,0,0,0,0
ZIPload,71,,0,50000,0,0,0,0,0,0
triplex_line,72,tl_B_2_645,15000,19000,23000,0,0,0,0,0
triplex_meter,73,tm_B_2_645,8000,15000,18000,0,0,0,0,0
house,74,house2B_tm_B_2_645,16000,24000,60000,0,0,0,1000,0
controller,75,,27000,36000,18000,0,0,0,0,0
ZIPload,76,,0,48000,0,0,0,0,0,0
waterheater,77,,24000,64000,15000,0,0,0,0,0
passive_controller,78,,6000,19000,27000,0,0,0,0,0
triplex_line,79,tl_B_3_645,16000,17000,21000,0,0,0,0,0
triplex_meter,80,tm_B_3_645,13000,28000,35000,0,0,0,0,0
house,81,house3B_tm_B_3_645,16000,32000,74000,0,0,0,0,0
controller,82,,14000,28000,15000,0,0,0,0,0
ZIPload,83,,0,42000,0,0,0,0,0,0
transformer,84,CTTF_B_646,21000,20000,19000,0,0,0,0,0
transformer_configuration,85,,0,0,0,0,0,0,0,0
triplex_meter,86,tn_B_646,15000,20000,12000,0,0,0,0,0
triplex_line,87,tl_B_1_646,16000,20000,22000,0,0,0,0,0
triplex_meter,88,tm_B_1_646,12000,10000,16000,0,0,0,0,0
house,89,house1B_tm_B_1_646,15000,21000,78000,0,0,0,0,0
controller,90,,22000,26000,19000,0,0,0,0,0
ZIPload,91,,0,51000,0,0,0,0,0,0
waterheater,92,,18000,52000,24000,0,0,0,0,0
passive_controller,93,,15000,21000,15000,0,0,0,0,0
triplex_line,94,tl_B_2_646,11000,22000,18000,0,0,0,0,0
triplex_meter,95,tm_B_2_646,9000,15000,17000,0,0,0,0,0
house,96,house2B_tm_B_2_646,11000,30000,56000,0,0,0,0,0
controller,97,,25000,37000,15000,0,0,0,0,0
ZIPload,98,,0,35000,0,0,0,0,0,0
waterheater,99,,16000,51000,34000,0,0,0,0,0
passive_controller,100,,14000,26000,23000,0,0,0,0,0
transformer,101,CTTF_A_652,16000,21000,16000,0,0,0,0,0
transformer_configuration,102,,0,0,0,0,0,0,0,0
triplex_meter,103,tn_A_652,18000,18000,21000,0,0,0,0,0
triplex_line,104,tl_A_1_652,15000,12000,19000,0,0,0,0,0
triplex_meter,105,tm_A_1_652,18000,21000,16000,0,0,0,0,0
house,106,house1A_tm_A_1_652,18000,23000,53000,0,0,0,0,0
controller,107,,12000,36000,11000,0,0,0,0,0
ZIPload,108,,0,55000,0,0,0,0,0,0
waterheater,109,,20000,32000,20000,0,0,0,0,0
passive_controller,110,,17000,19000,21000,0,0,0,0,0
triplex_line,111,tl_A_2_652,19000,13000,18000,0,0,0,0,0
triplex_meter,112,tm_A_2_652,15000,11000,10000,0,0,0,0,0
house,113,house2A_tm_A_2_652,21000,19000,69000,0,0,0,0,0
controller,114,,15000,24000,15000,0,0,0,0,0
ZIPload,115,,0,56000,0,0,0,0,0,0
waterheater,116,,19000,50000,34000,0,0,0,0,0
passive_controller,117,,14000,22000,21000,0,0,0,0,0
triplex_line,118,tl_A_3_652,13000,15000,14000,0,0,0,0,0
triplex_meter,119,tm_A_3_652,20000,22000,11000,0,0,0,0,0
house,120,house3A_tm_A_3_652,19000,32000,63000,0,0,0,0,0
controller,121,,12000,30000,19000,0,0,0,0,0
ZIPload,122,,0,56000,0,0,0,0,0,0
triplex_line,123,tl_A_4_652,19000,20000,21000,0,0,0,0,0
triplex_meter,124,tm_A_4_652,18000,20000,25000,0,0,0,0,0
house,125,house4A_tm_A_4_652,23000,42000,41000,0,0,0,0,0
controller,126,,23000,16000,29000,0,0,0,0,0
ZIPload,127,,0,45000,0,0,0,0,0,0
triplex_line,128,tl_A_5_652,17000,21000,12000,0,0,0,0,0
triplex_meter,129,tm_A_5_652,18000,17000,20000,0,0,0,0,0
house,130,house5A_tm_A_5_652,14000,23000,69000,0,0,0,0,0
controller,131,,18000,38000,21000,0,0,0,0,0
ZIPload,132,,0,30000,0,0,0,0,0,0
waterheater,133,,16000,63000,24000,0,0,0,0,0
passive_controller,134,,14000,13000,17000,0,0,0,0,0
transformer,135,CTTF_A_671,28000,13000,20000,0,0,0,0,0
transformer_configuration,136,,0,0,0,0,0,0,0,0
triplex_meter,137,tn_A_671,17000,22000,15000,0,0,0,0,0
triplex_line,138,tl_A_1_671,17000,19000,17000,0,0,0,0,0
triplex_meter,139,tm_A_1_671,16000,28000,13000,0,0,0,0,0
house,140,house1A_tm_A_1_671,17000,19000,41000,0,0,0,0,0
controller,141,,14000,40000,12000,0,0,0,0,0
ZIPload,142,,0,31000,0,0,0,0,0,0
waterheater,143,,25000,51000,39000,0,0,0,0,0
passive_controller,144,,20000,18000,18000,0,0,0,0,0
triplex_line,145,tl_A_2_671,26000,19000,17000,0,0,0,0,0
triplex_meter,146,tm_A_2_671,21000,22000,15000,0,0,0,0,0
house,147,house2A_tm_A_2_671,18000,32000,86000,0,0,0,0,0
controller,148,,14000,32000,25000,0,0,0,0,0
ZIPload,149,,0,45000,0,0,0,0,0,0
waterheater,150,,20000,55000,23000,0,0,0,0,0
passive_controller,151,,24000,24000,17000,0,0,0,0,0
triplex_line,152,tl_A_3_671,13000,17000,17000,0,0,0,0,0
triplex_meter,153,tm_A_3_671,21000,21000,23000,0,0,0,0,0
house,154,house3A_tm_A_3_671,23000,41000,44000,0,0,0,0,0
controller,155,,17000,28000,12000,0,0,0,0,0
ZIPload,156,,0,47000,0,0,0,0,0,0
triplex_line,157,tl_A_4_671,8000,17000,17000,0,0,0,0,0
triplex_meter,158,tm_A_4_671,13000,21000,19000,0,0,0,0,0
house,159,house4A_tm_A_4_671,21000,19000,63000,0,0,0,0,0
controller,160,,18000,31000,20000,0,0,0,0,0
ZIPload,161,,0,64000,0,0,0,0,0,0
waterheater,162,,13000,60000,22000,0,0,0,0,0
passive_controller,163,,19000,22000,20000,0,0,0,0,0
triplex_line,164,tl_A_5_671,21000,18000,21000,0,0,0,0,0
triplex_meter,165,tm_A_5_671,22000,19000,23000,0,0,0,0,0
house,166,house5A_tm_A_5_671,13000,31000,37000,0,0,0,0,0
controller,167,,25000,25000,28000,0,0,0,0,0
ZIPload,168,,0,45000,0,0,0,0,0,0
waterheater,169,,14000,57000,27000,0,0,0,0,0
passive_controller,170,,15000,24000,25000,0,0,0,0,0
triplex_line,171,tl_A_6_671,18000,16000,17000,0,0,0,0,0
triplex_meter,172,tm_A_6_671,13000,21000,8000,0,0,0,0,0
house,173,house6A_tm_A_6_671,15000,19000,55000,0,0,0,0,0
controller,174,,15000,25000,18000,0,0,0,0,0
ZIPload,175,,0,46000,0,0,0,0,0,0
waterheater,176,,8000,50000,26000,1000,0,0,0,0
passive_controller,177,,12000,15000,14000,0,0,0,0,0
triplex_line,178,tl_A_7_671,18000,16000,21000,0,0,0,0,0
triplex_meter,179,tm_A_7_671,20000,24000,12000,0,0,0,0,0
house,180,house7A_tm_A_7_671,20000,23000,56000,0,0,0,0,0
controller,181,,18000,31000,17000,0,0,0,0,0
ZIPload,182,,0,63000,0,0,0,0,0,0
waterheater,183,,14000,68000,19000,0,0,0,0,0
passive_controller,184,,16000,21000,15000,0,0,0,0,0
transformer,185,CTTF_B_671,11000,17000,20000,0,0,0,0,0
transformer_configuration,186,,0,0,0,0,0,0,0,0
triplex_meter,187,tn_B_671,20000,18000,13000,0,0,0,0,0
triplex_line,188,tl_B_1_671,9000,18000,16000,0,0,0,0,0
triplex_meter,189,tm_B_1_671,12000,18000,16000,0,0,0,0,0
house,190,house1B_tm_B_1_671,17000,20000,232000,0,0,0,0,0
controller,191,,21000,30000,18000,0,0,0,0,0
ZIPload,192,,0,60000,0,0,0,0,0,0
waterheater,193,,18000,62000,21000,0,0,0,1000,0
passive_controller,194,,12000,16000,17000,0,0,0,0,0
triplex_line,195,tl_B_2_671,9000,21000,23000,0,0,0,0,0
triplex_meter,196,tm_B_2_671,15000,21000,19000,0,0,0,0,0
house,197,house2B_tm_B_2_671,17000,21000,59000,0,0,0,0,0
controller,198,,18000,34000,24000,0,0,0,0,0
ZIPload,199,,0,39000,0,0,0,0,0,0
waterheater,200,,19000,48000,23000,0,0,0,0,0
passive_controller,201,,20000,27000,13000,0,0,0,0,0
triplex_line,202,tl_B_3_671,27000,21000,16000,0,0,0,0,0
triplex_meter,203,tm_B_3_671,19000,18000,17000,0,0,0,0,0
house,204,house3B_tm_B_3_671,16000,16000,50000,0,0,0,0,0
controller,205,,19000,32000,12000,0,0,0,0,0
ZIPload,206,,0,62000,0,0,0,0,0,0
waterheater,207,,16000,53000,29000,0,0,0,1000,0
passive_controller,208,,10000,31000,20000,0,0,0,0,0
triplex_line,209,tl_B_4_671,24000,22000,16000,0,0,0,0,0
triplex_meter,210,tm_B_4_671,16000,16000,34000,0,0,0,0,0
house,211,house4B_tm_B_4_671,24000,36000,43000,0,0,0,0,0
controller,212,,23000,23000,26000,0,0,0,0,0
ZIPload,213,,0,39000,0,0,0,0,0,0
triplex_line,214,tl_B_5_671,15000,14000,25000,0,0,0,0,0
triplex_meter,215,tm_B_5_671,17000,19000,25000,0,0,0,0,0
house,216,house5B_tm_B_5_671,17000,28000,48000,0,0,0,0,0
controller,217,,19000,27000,15000,0,0,0,0,0
ZIPload,218,,0,45000,0,0,0,0,0,0
waterheater,219,,21000,39000,19000,0,0,0,0,0
passive_controller,220,,15000,31000,23000,0,0,0,0,0
triplex_line,221,tl_B_6_671,10000,15000,19000,0,0,0,0,0
triplex_meter,222,tm_B_6_671,22000,23000,19000,0,0,0,0,0
house,223,house6B_tm_B_6_671,16000,22000,42000,0,0,0,0,0
controller,224,,17000,28000,17000,0,0,0,0,0
ZIPload,225,,0,38000,0,0,0,0,0,0
waterheater,226,,18000,62000,22000,0,0,0,0,0
passive_controller,227,,15000,30000,15000,0,0,0,0,0
transformer,228,CTTF_C_671,18000,14000,17000,0,0,0,0,0
transformer_configuration,229,,0,0,0,0,0,0,0,0
triplex_meter,230,tn_C_671,19000,13000,17000,0,0,0,0,0
triplex_line,231,tl_C_1_671,12000,14000,20000,0,0,0,0,0
triplex_meter,232,tm_C_1_671,21000,17000,42000,0,0,0,0,0
house,233,house1C_tm_C_1_671,21000,13000,38000,0,0,0,1000,0
controller,234,,18000,31000,22000,1000,0,0,0,0
ZIPload,235,,0,43000,0,0,0,0,0,0
triplex_line,236,tl_C_2_671,18000,23000,19000,0,0,0,0,0
triplex_meter,237,tm_C_2_671,11000,12000,31000,0,0,0,0,0
house,238,house2C_tm_C_2_671,21000,27000,41000,0,0,0,0,0
controller,239,,22000,35000,15000,0,0,0,0,0
ZIPload,240,,0,34000,0,0,0,0,0,0
triplex_line,241,tl_C_3_671,17000,20000,18000,0,0,0,0,0
triplex_meter,242,tm_C_3_671,21000,20000,10000,0,0,0,0,0
house,243,house3C_tm_C_3_671,14000,22000,72000,0,0,0,0,0
controller,244,,17000,30000,12000,0,0,0,0,0
ZIPload,245,,0,52000,0,0,0,0,0,0
waterheater,246,,11000,43000,19000,0,0,0,2000,0
passive_controller,247,,13000,19000,16000,0,0,0,0,0
triplex_line,248,tl_C_4_671,21000,20000,12000,0,0,0,0,0
triplex_meter,249,tm_C_4_671,14000,17000,26000,0,0,0,0,0
house,250,house4C_tm_C_4_671,12000,32000,36000,0,0,0,0,0
controller,251,,17000,26000,19000,0,0,0,0,0
ZIPload,252,,0,38000,0,0,0,0,0,0
triplex_line,253,tl_C_5_671,15000,12000,19000,0,0,0,0,0
triplex_meter,254,tm_C_5_671,18000,12000,32000,0,0,0,0,0
house,255,house5C_tm_C_5_671,16000,53000,61000,0,0,0,0,0
controller,256,,16000,24000,16000,0,0,0,0,0
ZIPload,257,,0,68000,0,0,0,0,0,0
triplex_line,258,tl_C_6_671,16000,18000,17000,0,0,0,0,0
triplex_meter,259,tm_C_6_671,13000,24000,10000,0,0,0,0,0
house,260,house6C_tm_C_6_671,14000,15000,43000,0,0,0,0,0
controller,261,,13000,30000,25000,0,0,0,0,0
ZIPload,262,,0,51000,0,0,0,0,0,0
waterheater,263,,24000,53000,20000,0,0,0,0,0
passive_controller,264,,9000,17000,17000,0,0,0,0,0
triplex_line,265,tl_C_7_671,20000,14000,17000,0,0,0,0,0
triplex_meter,266,tm_C_7_671,11000,13000,12000,0,0,0,0,0
house,267,house7C_tm_C_7_671,26000,15000,27000,0,0,0,0,0
controller,268,,24000,42000,18000,0,0,0,0,0
ZIPload,269,,0,53000,0,0,0,0,0,0
waterheater,270,,14000,47000,23000,0,0,0,0,0
passive_controller,271,,16000,21000,20000,0,0,0,0,0
transformer,272,CTTF_A_675,14000,12000,18000,0,0,0,0,0
transformer_configuration,273,,0,0,0,0,0,0,0,0
triplex_meter,274,tn_A_675,13000,16000,22000,0,0,0,0,0
triplex_line,275,tl_A_1_675,17000,16000,20000,0,0,0,0,0
triplex_meter,276,tm_A_1_675,17000,10000,17000,0,0,0,0,0
house,277,house1A_tm_A_1_675,14000,27000,50000,0,0,0,1000,0
controller,278,,16000,37000,20000,0,0,0,0,0
ZIPload,279,,0,48000,0,0,0,0,0,0
waterheater,280,,17000,62000,20000,0,0,0,0,0
passive_controller,281,,12000,25000,15000,0,0,0,0,0
triplex_line,282,tl_A_2_675,12000,16000,14000,0,0,0,0,0
triplex_meter,283,tm_A_2_675,21000,17000,17000,0,0,0,0,0
house,284,house2A_tm_A_2_675,16000,34000,50000,0,0,0,0,0
controller,285,,18000,17000,18000,0,0,0,0,0
ZIPload,286,,0,40000,0,0,0,0,0,0
waterheater,287,,21000,60000,25000,0,0,0,0,0
passive_controller,288,,16000,18000,18000,0,0,0,0,0
triplex_line,289,tl_A_3_675,16000,21000,23000,0,0,0,0,0
triplex_meter,290,tm_A_3_675,14000,22000,36000,0,0,0,0,0
house,291,house3A_tm_A_3_675,12000,18000,59000,0,0,0,0,0
controller,292,,16000,33000,14000,0,0,0,0,0
ZIPload,293,,0,47000,0,0,0,0,0,0
triplex_line,294,tl_A_4_675,30000,15000,14000,0,0,0,0,0
triplex_meter,295,tm_A_4_675,13000,24000,6000,0,0,0,0,0
house,296,house4A_tm_A_4_675,18000,24000,67000,0,0,0,0,0
controller,297,,25000,32000,14000,0,0,0,0,0
ZIPload,298,,0,39000,0,0,0,0,0,0
waterheater,299,,16000,37000,24000,0,0,0,0,0
passive_controller,300,,21000,24000,15000,0,0,0,0,0
triplex_line,301,tl_A_5_675,22000,17000,15000,0,0,0,0,0
triplex_meter,302,tm_A_5_675,21000,26000,24000,0,0,0,0,0
house,303,house5A_tm_A_5_675,19000,34000,44000,0,0,0,0,0
controller,304,,17000,26000,16000,0,0,0,0,0
ZIPload,305,,0,42000,0,0,0,0,0,0
triplex_line,306,tl_A_6_675,12000,25000,17000,0,0,0,0,0
triplex_meter,307,tm_A_6_675,9000,28000,24000,0,0,0,0,0
house,308,house6A_tm_A_6_675,12000,29000,56000,0,0,0,0,0
controller,309,,14000,25000,15000,0,0,0,0,0
ZIPload,310,,0,52000,0,0,0,0,0,0
triplex_line,311,tl_A_7_675,16000,16000,18000,0,0,0,0,0
triplex_meter,312,tm_A_7_675,22000,14000,22000,0,0,0,0,0
house,313,house7A_tm_A_7_675,19000,27000,60000,0,0,0,0,0
controller,314,,12000,22000,13000,0,0,0,0,0
ZIPload,315,,0,42000,0,0,0,0,0,0
waterheater,316,,16000,42000,16000,0,0,0,0,0
passive_controller,317,,17000,19000,8000,0,0,0,0,0
triplex_line,318,tl_A_8_675,20000,19000,30000,0,0,0,0,0
triplex_meter,319,tm_A_8_675,20000,20000,25000,0,0,0,0,0
house,320,house8A_tm_A_8_675,15000,39000,37000,0,0,0,0,0
controller,321,,23000,32000,21000,0,0,0,0,0
ZIPload,322,,0,41000,0,0,0,0,0,0
transformer,323,CTTF_B_675,11000,24000,11000,0,0,0,0,0
transformer_configuration,324,,0,0,0,0,0,0,0,0
triplex_meter,325,tn_B_675,18000,20000,18000,0,0,0,0,0
triplex_line,326,tl_B_1_675,13000,16000,22000,0,0,0,0,0
triplex_meter,327,tm_B_1_675,11000,22000,20000,0,0,0,0,0
house,328,house1B_tm_B_1_675,25000,24000,72000,0,0,0,0,0
controller,329,,16000,32000,19000,0,0,0,0,0
ZIPload,330,,0,42000,0,0,0,0,0,0
waterheater,331,,21000,47000,26000,0,0,0,0,0
passive_controller,332,,16000,22000,21000,0,0,0,0,0
triplex_line,333,tl_B_2_675,13000,18000,18000,0,0,0,0,0
triplex_meter,334,tm_B_2_675,16000,23000,17000,0,0,0,0,0
house,335,house2B_tm_B_2_675,29000,21000,59000,0,0,0,0,0
controller,336,,12000,26000,15000,0,0,0,0,0
ZIPload,337,,0,36000,0,0,0,0,0,0
waterheater,338,,12000,36000,22000,1000,0,0,0,0
passive_controller,339,,16000,22000,15000,0,0,0,0,0
triplex_line,340,tl_B_3_675,19000,20000,18000,0,0,0,0,0
triplex_meter,341,tm_B_3_675,16000,17000,22000,0,0,0,0,0
house,342,house3B_tm_B_3_675,16000,49000,58000,0,0,0,0,0
controller,343,,18000,37000,19000,0,0,0,0,0
ZIPload,344,,0,44000,0,0,0,0,0,0
triplex_line,345,tl_B_4_675,11000,18000,15000,0,0,0,0,0
triplex_meter,346,tm_B_4_675,20000,19000,32000,0,0,0,0,0
house,347,house4B_tm_B_4_675,13000,25000,55000,0,0,0,0,0
controller,348,,9000,32000,18000,0,0,0,0,0
ZIPload,349,,0,39000,0,0,0,0,0,0
triplex_line,350,tl_B_5_675,17000,17000,17000,0,0,0,0,0
triplex_meter,351,tm_B_5_675,13000,15000,16000,0,0,0,0,0
house,352,house5B_tm_B_5_675,31000,18000,64000,0,0,0,0,0
controller,353,,23000,32000,14000,0,0,0,0,0
ZIPload,354,,0,56000,0,0,0,0,0,0
waterheater,355,,12000,44000,22000,0,0,0,0,0
passive_controller,356,,23000,21000,12000,0,0,0,0,0
triplex_line,357,tl_B_6_675,13000,17000,19000,0,0,0,0,0
triplex_meter,358,tm_B_6_675,17000,20000,17000,0,0,0,0,0
house,359,house6B_tm_B_6_675,13000,31000,46000,0,0,0,1000,0
controller,360,,10000,28000,17000,0,0,0,0,0
ZIPload,361,,0,43000,0,0,0,0,0,0
waterheater,362,,15000,49000,24000,0,0,0,0,0
passive_controller,363,,18000,17000,16000,0,0,0,0,0
triplex_line,364,tl_B_7_675,17000,20000,15000,0,0,0,0,0
triplex_meter,365,tm_B_7_675,16000,18000,14000,0,0,0,0,0
house,366,house7B_tm_B_7_675,14000,20000,61000,0,0,0,0,0
controller,367,,21000,37000,13000,0,0,0,0,0
ZIPload,368,,0,56000,0,0,0,0,0,0
waterheater,369,,14000,37000,23000,0,0,0,1000,0
passive_controller,370,,17000,16000,15000,0,0,0,0,0
triplex_line,371,tl_B_8_675,19000,21000,14000,0,0,0,0,0
triplex_meter,372,tm_B_8_675,16000,20000,17000,0,0,0,0,0
house,373,house8B_tm_B_8_675,16000,21000,51000,0,0,0,0,0
controller,374,,15000,26000,18000,0,0,0,0,0
ZIPload,375,,0,45000,0,0,0,0,0,0
waterheater,376,,24000,55000,21000,0,0,0,0,0
passive_controller,377,,17000,15000,19000,0,0,0,0,0
triplex_line,378,tl_B_9_675,19000,7000,22000,0,0,0,0,0
triplex_meter,379,tm_B_9_675,17000,19000,30000,0,0,0,0,0
house,380,house9B_tm_B_9_675,14000,39000,49000,0,0,0,0,0
controller,381,,15000,27000,10000,0,0,0,0,0
ZIPload,382,,0,54000,0,0,0,0,0,0
triplex_line,383,tl_B_10_675,15000,12000,16000,0,0,0,0,0
triplex_meter,384,tm_B_10_675,16000,27000,23000,0,0,0,0,0
house,385,house10B_tm_B_10_675,26000,19000,63000,0,0,0,0,0
controller,386,,17000,33000,18000,0,0,0,0,0
ZIPload,387,,0,50000,0,0,0,0,0,0
waterheater,388,,19000,47000,28000,0,0,0,0,0
passive_controller,389,,12000,30000,20000,0,0,0,0,0
triplex_line,390,tl_B_11_675,23000,16000,16000,0,0,0,0,0
triplex_meter,391,tm_B_11_675,15000,17000,25000,0,0,0,0,0
house,392,house11B_tm_B_11_675,19000,24000,50000,0,0,0,0,0
controller,393,,19000,42000,12000,0,0,0,0,0
ZIPload,394,,0,55000,0,0,0,0,0,0
waterheater,395,,13000,62000,22000,0,0,0,0,0
passive_controller,396,,16000,25000,11000,0,0,0,0,0
triplex_line,397,tl_B_12_675,18000,22000,15000,0,0,0,0,0
triplex_meter,398,tm_B_12_675,27000,23000,21000,0,0,0,0,0
house,399,house12B_tm_B_12_675,12000,33000,56000,0,0,0,0,0
controller,400,,21000,29000,9000,0,0,0,0,0
ZIPload,401,,0,31000,0,0,0,0,0,0
transformer,402,CTTF_C_675,13000,18000,19000,0,0,0,0,0
transformer_configuration,403,,0,0,0,0,0,0,0,0
triplex_meter,404,tn_C_675,16000,19000,22000,0,0,0,0,0
triplex_line,405,tl_C_1_675,13000,17000,14000,0,0,0,0,0
triplex_meter,406,tm_C_1_675,17000,14000,13000,0,0,0,0,0
house,407,house1C_tm_C_1_675,12000,27000,64000,0,0,0,0,0
controller,408,,16000,47000,18000,0,0,0,0,0
ZIPload,409,,0,60000,0,0,0,0,0,0
waterheater,410,,15000,45000,29000,0,0,0,0,0
passive_controller,411,,22000,17000,10000,0,0,0,0,0
triplex_line,412,tl_C_2_675,12000,18000,14000,0,0,0,0,0
triplex_meter,413,tm_C_2_675,13000,17000,22000,0,0,0,0,0
house,414,house2C_tm_C_2_675,23000,27000,70000,0,0,0,0,0
controller,415,,19000,26000,17000,0,0,0,0,0
ZIPload,416,,0,43000,0,0,0,0,0,0
waterheater,417,,18000,61000,26000,0,0,0,0,0
passive_controller,418,,16000,17000,14000,0,0,0,0,0
triplex_line,419,tl_C_3_675,16000,16000,15000,0,0,0,0,0
triplex_meter,420,tm_C_3_675,13000,13000,20000,0,0,0,0,0
house,421,house3C_tm_C_3_675,17000,16000,47000,0,0,0,0,0
controller,422,,23000,28000,19000,0,0,0,0,0
ZIPload,423,,0,32000,0,0,0,0,0,0
waterheater,424,,13000,52000,28000,0,0,0,0,0
passive_controller,425,,11000,22000,19000,0,0,0,0,0
triplex_line,426,tl_C_4_675,13000,13000,17000,0,0,0,0,0
triplex_meter,427,tm_C_4_675,10000,19000,13000,0,0,0,0,0
house,428,house4C_tm_C_4_675,21000,19000,59000,0,0,0,0,0
controller,429,,15000,37000,21000,0,0,0,0,0
ZIPload,430,,0,42000,0,0,0,0,0,0
waterheater,431,,27000,41000,18000,0,0,0,0,0
passive_controller,432,,14000,25000,16000,0,0,0,0,0
triplex_line,433,tl_C_5_675,11000,17000,22000,0,0,0,0,0
triplex_meter,434,tm_C_5_675,14000,13000,23000,0,0,0,0,0
house,435,house5C_tm_C_5_675,22000,17000,63000,0,0,0,1000,0
controller,436,,17000,26000,23000,0,0,0,0,0
ZIPload,437,,0,44000,0,0,0,0,0,0
waterheater,438,,18000,40000,24000,0,0,0,0,0
passive_controller,439,,14000,28000,12000,0,0,0,0,0
triplex_line,440,tl_C_6_675,15000,15000,20000,0,0,0,0,0
triplex_meter,441,tm_C_6_675,11000,16000,24000,0,0,0,0,0
house,442,house6C_tm_C_6_675,14000,26000,52000,0,0,0,0,0
controller,443,,17000,36000,14000,0,0,0,0,0
ZIPload,444,,0,41000,0,0,0,0,0,0
triplex_line,445,tl_C_7_675,9000,16000,20000,0,0,0,0,0
triplex_meter,446,tm_C_7_675,18000,20000,11000,0,0,0,0,0
house,447,house7C_tm_C_7_675,15000,34000,56000,0,0,0,0,0
controller,448,,17000,48000,22000,0,0,0,0,0
ZIPload,449,,0,41000,0,0,0,0,0,0
waterheater,450,,17000,52000,13000,0,0,0,0,0
passive_controller,451,,15000,29000,15000,0,0,0,0,0
triplex_line,452,tl_C_8_675,17000,21000,19000,0,0,0,0,0
triplex_meter,453,tm_C_8_675,17000,19000,42000,0,0,0,0,0
house,454,house8C_tm_C_8_675,13000,35000,52000,0,0,0,0,0
controller,455,,10000,30000,18000,0,0,0,0,0
ZIPload,456,,0,38000,0,0,0,0,0,0
transformer,457,CTTF_A_692,18000,13000,12000,0,0,0,0,0
transformer_configuration,458,,0,0,0,0,0,0,0,0
triplex_meter,459,tn_A_692,7000,18000,21000,0,0,0,0,0
triplex_line,460,tl_A_1_692,14000,19000,23000,0,0,0,0,0
triplex_meter,461,tm_A_1_692,16000,17000,31000,0,0,0,0,0
house,462,house1A_tm_A_1_692,8000,32000,42000,0,0,0,0,0
controller,463,,16000,26000,8000,0,0,0,0,0
ZIPload,464,,0,53000,0,0,0,0,0,0
triplex_line,465,tl_A_2_692,22000,17000,20000,0,0,0,0,0
triplex_meter,466,tm_A_2_692,14000,18000,14000,0,0,0,0,0
house,467,house2A_tm_A_2_692,23000,24000,47000,0,0,0,0,0
controller,468,,19000,30000,14000,0,0,0,0,0
ZIPload,469,,0,51000,0,0,0,0,0,0
waterheater,470,,13000,42000,26000,0,0,0,0,0
passive_controller,471,,12000,27000,17000,0,0,0,0,0
triplex_line,472,tl_A_3_692,22000,14000,22000,0,0,0,0,0
triplex_meter,473,tm_A_3_692,13000,17000,39000,0,0,0,0,0
house,474,house3A_tm_A_3_692,12000,32000,48000,0,0,0,0,0
controller,475,,14000,23000,14000,0,0,0,0,0
ZIPload,476,,0,47000,0,0,0,0,0,0
triplex_line,477,tl_A_4_692,24000,21000,12000,0,0,0,0,0
triplex_meter,478,tm_A_4_692,16000,21000,19000,0,0,0,0,0
house,479,house4A_tm_A_4_692,13000,32000,83000,0,0,0,0,0
controller,480,,12000,28000,9000,0,0,0,0,0
ZIPload,481,,0,67000,0,0,0,0,0,0
triplex_line,482,tl_A_5_692,20000,13000,16000,0,0,0,0,0
triplex_meter,483,tm_A_5_692,23000,21000,16000,0,0,0,0,0
house,484,house5A_tm_A_5_692,21000,27000,51000,0,0,0,0,0
controller,485,,13000,34000,19000,0,0,0,0,0
ZIPload,486,,0,66000,0,0,0,0,0,0
waterheater,487,,14000,61000,26000,0,0,0,0,0
passive_controller,488,,19000,12000,18000,0,0,0,0,0
triplex_line,489,tl_A_6_692,12000,17000,12000,0,0,0,0,0
triplex_meter,490,tm_A_6_692,22000,13000,18000,0,0,0,0,0
house,491,house6A_tm_A_6_692,17000,14000,59000,0,0,0,0,0
controller,492,,18000,34000,23000,0,0,0,0,0
ZIPload,493,,0,52000,0,0,0,0,0,0
waterheater,494,,17000,61000,27000,0,0,0,0,0
passive_controller,495,,15000,20000,17000,0,0,0,0,0
transformer,496,CTTF_B_692,14000,19000,18000,0,0,0,0,0
transformer_configuration,497,,0,0,0,0,0,0,0,0
triplex_meter,498,tn_B_692,9000,26000,20000,0,0,0,0,0
triplex_line,499,tl_B_1_692,17000,21000,19000,0,0,0,0,0
triplex_meter,500,tm_B_1_692,16000,16000,23000,0,0,0,0,0
house,501,house1B_tm_B_1_692,11000,23000,126000,0,0,0,0,0
controller,502,,13000,22000,8000,0,0,0,0,0
ZIPload,503,,0,54000,0,0,0,0,0,0
waterheater,504,,16000,44000,14000,0,0,0,0,0
passive_controller,505,,16000,12000,17000,0,0,0,0,0
transformer,506,CTTF_C_692,17000,19000,13000,0,0,0,0,0
transformer_configuration,507,,0,0,0,0,0,0,0,0
triplex_meter,508,tn_C_692,16000,20000,15000,0,0,0,0,0
triplex_line,509,tl_C_1_692,16000,22000,12000,0,0,0,0,0
triplex_meter,510,tm_C_1_692,19000,29000,37000,0,0,0,0,0
house,511,house1C_tm_C_1_692,19000,38000,43000,0,0,0,0,0
controller,512,,16000,31000,21000,0,0,0,0,0
ZIPload,513,,0,38000,0,0,0,0,0,0
transformer,514,CTTF_C_611,13000,22000,21000,0,0,0,0,0
transformer_configuration,515,,0,0,0,0,0,0,0,0
triplex_meter,516,tn_C_611,14000,18000,30000,0,0,0,0,0
triplex_line,517,tl_C_1_611,9000,12000,19000,0,0,0,0,0
triplex_meter,518,tm_C_1_611,14000,14000,31000,0,0,0,0,0
house,519,house1C_tm_C_1_611,21000,20000,48000,0,0,0,1000,0
controller,520,,18000,43000,21000,0,0,0,0,0
ZIPload,521,,0,37000,0,0,0,0,0,0
waterheater,522,,11000,43000,21000,0,0,0,0,0
passive_controller,523,,21000,27000,19000,0,0,0,0,0
transformer,524,CTTF_A_6711,18000,22000,15000,0,0,0,0,0
transformer_configuration,525,,0,0,0,0,0,0,0,0
triplex_meter,526,tn_A_6711,26000,10000,16000,0,0,0,0,0
triplex_line,527,tl_A_1_6711,16000,17000,12000,0,0,0,0,0
triplex_meter,528,tm_A_1_6711,16000,17000,17000,0,0,0,0,0
house,529,house1A_tm_A_1_6711,14000,23000,58000,0,0,0,2000,0
controller,530,,13000,29000,17000,0,0,0,0,0
ZIPload,531,,0,37000,0,0,0,0,0,0
waterheater,532,,14000,47000,17000,0,0,0,0,0
passive_controller,533,,13000,21000,14000,0,0,0,0,0
transformer,534,CTTF_B_6711,13000,13000,9000,0,0,0,0,0
transformer_configuration,535,,0,0,0,0,0,0,0,0
triplex_meter,536,tn_B_6711,12000,25000,14000,0,0,0,0,0
triplex_line,537,tl_B_1_6711,18000,19000,14000,0,0,0,0,0
triplex_meter,538,tm_B_1_6711,23000,11000,18000,0,0,0,0,0
house,539,house1B_tm_B_1_6711,15000,21000,42000,0,0,0,0,0
controller,540,,18000,24000,14000,0,0,0,0,0
ZIPload,541,,0,54000,0,0,0,0,0,0
waterheater,542,,19000,40000,17000,0,0,0,1000,0
passive_controller,543,,16000,23000,18000,0,0,0,0,0
transformer,544,CTTF_C_6711,16000,19000,20000,0,0,0,0,0
transformer_configuration,545,,0,0,0,0,0,0,0,0
triplex_meter,546,tn_C_6711,14000,19000,15000,0,0,0,0,0
triplex_line,547,tl_C_1_6711,17000,12000,17000,0,0,0,0,0
triplex_meter,548,tm_C_1_6711,11000,15000,23000,0,0,0,0,0
house,549,house1C_tm_C_1_6711,27000,20000,48000,0,0,0,0,0
controller,550,,13000,21000,18000,0,0,0,0,0
ZIPload,551,,0,48000,0,0,0,0,0,0
waterheater,552,,11000,57000,17000,0,0,0,0,0
passive_controller,553,,15000,24000,18000,0,0,0,0,0
transformer,554,CTTF_A_6321,13000,20000,17000,0,0,0,0,0
transformer_configuration,555,,0,0,0,0,0,0,0,0
triplex_meter,556,tn_A_6321,15000,21000,16000,0,0,0,0,0
triplex_line,557,tl_A_1_6321,18000,18000,15000,0,0,0,0,0
triplex_meter,558,tm_A_1_6321,18000,18000,25000,0,0,0,0,0
house,559,house1A_tm_A_1_6321,11000,31000,71000,0,0,0,0,0
controller,560,,13000,25000,16000,0,0,0,0,0
ZIPload,561,,0,35000,0,0,0,0,0,0
transformer,562,CTTF_B_6321,14000,13000,10000,0,0,0,0,0
transformer_configuration,563,,0,0,0,0,0,0,0,0
triplex_meter,564,tn_B_6321,13000,34000,17000,0,0,0,0,0
triplex_line,565,tl_B_1_6321,12000,13000,15000,0,0,0,0,0
triplex_meter,566,tm_B_1_6321,10000,23000,12000,0,0,0,0,0
house,567,house1B_tm_B_1_6321,17000,41000,53000,0,0,0,0,0
controller,568,,12000,33000,21000,1000,0,0,0,0
ZIPload,569,,0,62000,0,0,0,0,0,0
transformer,570,CTTF_C_6321,13000,20000,25000,0,0,0,0,0
transformer_configuration,571,,0,0,0,0,0,0,0,0
triplex_meter,572,tn_C_6321,20000,22000,16000,0,0,0,0,0
triplex_line,573,tl_C_1_6321,11000,15000,20000,0,0,0,0,0
triplex_meter,574,tm_C_1_6321,10000,23000,39000,0,0,0,0,0
house,575,house1C_tm_C_1_6321,11000,24000,36000,0,0,0,1000,0
controller,576,,20000,22000,19000,0,0,0,0,0
ZIPload,577,,0,37000,0,0,0,0,0,0
recorder,578,,0,0,63000,0,0,0,0,0
recorder,579,,0,0,28000,0,0,0,0,0
recorder,580,,0,0,44000,0,0,0,0,1000
recorder,581,,0,0,28000,0,0,0,0,0
recorder,582,,0,0,29000,0,0,0,0,0
recorder,583,,0,0,31000,0,0,0,0,0
recorder,584,,0,0,23000,0,0,0,0,0
recorder,585,,0,0,26000,0,0,0,0,0
billdump,586,,0,31000,0,0,0,0,1000,0
voltdump,587,,0,34000,0,0,0,0,3000,0
